0.309287154	1.024322291	0.303115961
-1.161483285	1.300817034	0.992527063
-0.646713632	-0.772893535	-0.628961659
-0.499636588	-0.081656679	0.484776524
-0.940867719	-0.911140906	1.072564543
-0.940867719	-1.187635649	-1.496749509
0.16221011	-0.081656679	-0.673606928
-0.426098066	0.471332806	0.766980158
0.16221011	-1.187635649	1.240082816
-0.646713632	-1.187635649	-0.139527502
0.456364198	-1.049388277	-1.017823555
-0.793790675	-0.358151421	-0.5779239
0.676979764	-1.049388277	0.3232129
0.16221011	-0.496398792	-1.227360045
0.456364198	-1.187635649	-1.430971076
0.235748632	-0.358151421	0.695407618
-0.279021022	0.333085435	1.376849999
0.088671588	0.747827549	1.325374398
-0.131943978	-0.911140906	1.308298568
-1.087944763	-0.21990405	1.2323768
0.382825676	2.406796004	0.738418278
0.750518286	-0.496398792	-1.191179718
-1.014406241	-0.634646164	0.668918189
-0.940867719	0.88607492	-0.337373616
-1.014406241	0.194838064	-1.190887823
-0.2054825	-0.358151421	1.261376522
0.16221011	-0.496398792	-1.209481505
-0.867329197	-1.049388277	-0.631880605
0.676979764	-1.049388277	0.015877147
0.309287154	-0.081656679	-1.085791197
-1.087944763	1.577311776	0.261506396
-0.131943978	-1.049388277	-0.770253208
0.676979764	-0.911140906	-0.891097544
0.015133066	0.194838064	1.015455378
0.971133852	0.88607492	1.326162513
-0.867329197	-0.358151421	0.970561999
-0.940867719	1.577311776	1.049840554
5.604060736	-1.049388277	-0.047347209
-0.058405456	-0.911140906	-0.143643215
-0.940867719	-1.187635649	-0.428867957
0.750518286	-1.187635649	-1.101247013
-0.867329197	-1.187635649	-1.245632643
0.015133066	-0.911140906	1.162555628
-0.352559544	0.471332806	0.56263939
0.309287154	-0.911140906	-1.12807212
0.088671588	-0.634646164	-0.874255229
0.971133852	1.577311776	0.846346281
-0.940867719	-1.049388277	1.089684158
-0.720252153	0.333085435	1.076300793
0.088671588	-1.187635649	-0.539043549
3.177289511	-0.358151421	6.231990134
-0.940867719	1.715559147	-0.255555579
-0.058405456	-1.187635649	-0.575165497
-1.014406241	-1.049388277	-1.194448937
-0.2054825	0.194838064	0.170610438
-0.279021022	1.577311776	0.332071899
-0.499636588	0.88607492	-1.042897296
-0.867329197	-0.634646164	-0.422650604
-1.161483285	-1.187635649	0.488352232
0.52990272	-0.21990405	3.25752647
0.16221011	-0.772893535	-1.304960207
-0.57317511	-1.187635649	-0.798917251
-1.161483285	1.99205389	0.982442107
-0.2054825	-1.187635649	-1.374241374
-0.499636588	-1.187635649	-0.110075344
-0.499636588	1.024322291	-0.41482783
-0.720252153	-0.496398792	0.295716435
0.456364198	0.194838064	-0.183165735
-0.131943978	-1.187635649	-0.054878088
-1.161483285	0.747827549	1.165868631
-1.014406241	1.577311776	0.905863576
-0.499636588	-0.911140906	1.035158259
0.971133852	-0.21990405	1.192693738
0.824056808	-0.21990405	1.083890051
-0.940867719	0.747827549	-0.254212864
0.52990272	-0.634646164	-0.717493271
-0.058405456	-1.049388277	-0.03419736
-0.720252153	-1.049388277	0.310413325
3.618520643	-0.772893535	2.732174691
-0.940867719	-1.049388277	0.317053925
0.309287154	0.194838064	-0.616497763
-0.793790675	-0.772893535	0.082969105
0.676979764	1.577311776	0.60830629
-0.646713632	1.577311776	-0.610119867
0.676979764	-1.049388277	0.726333844
-0.2054825	0.194838064	0.772248854
0.015133066	-0.496398792	-1.282323786
0.235748632	-0.634646164	0.744285358
-0.867329197	-0.634646164	0.32586914
0.676979764	-0.911140906	-1.368636999
-0.131943978	-0.358151421	0.772920211
0.676979764	1.99205389	-0.479467874
0.603441242	0.88607492	-0.256226936
-0.940867719	-0.358151421	-0.165783415
0.456364198	0.194838064	-0.474491073
-0.131943978	-0.081656679	1.14456033
-0.793790675	-0.911140906	-0.536387308
4.500982907	0.194838064	0.602541373
-0.131943978	1.024322291	-0.712531064
-0.57317511	1.162569662	1.039741003
-0.646713632	-0.358151421	0.961017048
0.824056808	-1.049388277	-1.199163033
0.382825676	-0.911140906	-1.204373351
-0.646713632	-0.496398792	-0.158091994
0.456364198	-0.496398792	-1.156604811
-0.867329197	-1.187635649	-1.074670015
-0.131943978	0.609580177	-0.174058625
0.750518286	0.747827549	0.361772168
0.382825676	0.194838064	-0.667214438
-1.087944763	-1.049388277	-0.427714974
0.088671588	1.024322291	0.54772358
3.250828033	-0.21990405	-0.157406042
-1.014406241	-0.358151421	-0.926095698
-1.161483285	0.609580177	-0.689194096
-0.352559544	1.715559147	-0.016990177
0.676979764	-0.634646164	0.220947651
-1.161483285	-0.911140906	0.990367043
-0.279021022	0.88607492	-0.795516679
0.16221011	-0.358151421	-0.504132962
-0.352559544	1.024322291	0.779750543
-1.014406241	1.162569662	-0.650751586
-0.867329197	-1.187635649	-0.365410086
0.603441242	-0.358151421	0.223749838
5.01575256	-0.772893535	0.812311378
0.824056808	1.577311776	0.253304159
0.603441242	1.300817034	-0.664952255
-0.646713632	-0.496398792	-1.392382619
-0.2054825	-1.187635649	-1.399752956
0.309287154	0.747827549	0.018650145
0.89759533	0.747827549	-0.102062839
-0.2054825	-0.911140906	-1.303135866
0.235748632	-0.634646164	-0.161463376
-1.014406241	1.99205389	0.626389156
-0.499636588	-0.496398792	1.353586004
-0.646713632	-0.634646164	-1.266254992
0.015133066	-0.772893535	-0.801442138
2.368365769	-1.187635649	-1.419426647
-0.279021022	0.194838064	-1.140842506
0.456364198	-1.187635649	-1.329815026
3.544982121	-0.634646164	0.488468989
0.235748632	1.715559147	0.3829929
0.382825676	0.471332806	-0.805878935
0.309287154	-0.496398792	1.274146907
-0.2054825	0.194838064	-1.086842017
0.676979764	-1.187635649	-0.847503096
0.750518286	-0.081656679	-0.899197617
0.971133852	-1.187635649	-0.993070899
-0.426098066	-0.772893535	-0.421920867
0.676979764	-0.911140906	0.090529174
0.824056808	-1.187635649	-1.453315603
1.63298055	0.194838064	0.387385913
-0.426098066	-0.496398792	1.236419539
0.456364198	-1.187635649	-0.921731875
-1.014406241	-1.049388277	-0.538839222
-0.867329197	-1.187635649	-0.751353037
0.52990272	-0.21990405	0.125308407
0.603441242	-0.496398792	-0.326033514
-0.499636588	-0.496398792	-1.28928547
0.89759533	-0.081656679	0.271255673
4.648059951	0.194838064	1.139174876
0.456364198	-1.187635649	-1.400774587
-0.940867719	-1.049388277	0.743015616
-1.014406241	-0.21990405	0.407526636
-0.131943978	-0.358151421	-1.086039307
0.015133066	1.853806519	0.666641412
-0.058405456	-0.358151421	-0.492836644
-0.058405456	-1.187635649	-0.74290269
-0.867329197	-1.187635649	-1.434590568
-0.058405456	-0.911140906	-0.397810379
0.382825676	1.162569662	1.126462869
0.16221011	-0.772893535	1.383899252
-0.940867719	1.715559147	1.164525916
0.456364198	-0.358151421	0.297190502
-0.720252153	0.471332806	-0.089920026
-1.014406241	-0.496398792	0.118580238
0.088671588	-1.187635649	-1.314198669
0.824056808	-1.187635649	-1.332806945
-0.793790675	-1.049388277	0.865479967
-0.720252153	-1.049388277	-1.176263907
0.309287154	-0.21990405	1.100790745
-0.352559544	0.333085435	0.743117779
0.603441242	-0.772893535	0.650966676
0.676979764	0.471332806	0.337544922
0.824056808	-1.187635649	-1.297152028
0.382825676	-0.081656679	-0.888324546
-0.2054825	-1.187635649	-0.440514549
-0.352559544	-1.049388277	-1.018261397
-0.793790675	-1.049388277	-0.717872734
-0.720252153	-0.911140906	-0.132740954
-0.058405456	0.88607492	0.238753217
-0.426098066	-1.049388277	-0.149057859
-0.058405456	0.471332806	0.574884366
-0.867329197	0.333085435	0.823023908
-1.235021807	1.577311776	0.339909267
-0.57317511	0.471332806	1.284363216
0.52990272	-0.358151421	-1.041233497
-1.014406241	-0.21990405	0.788945221
0.235748632	0.194838064	-0.366417122
0.015133066	-1.187635649	-0.372619881
-0.279021022	0.88607492	-0.699541757
-0.499636588	-0.911140906	-1.312476491
0.015133066	1.577311776	-0.778484633
-0.646713632	-0.772893535	-1.256637067
0.235748632	-0.358151421	0.573643814
0.750518286	-1.187635649	-1.353181183
0.603441242	0.194838064	-0.166673694
-0.058405456	0.747827549	-0.668031742
-0.131943978	-0.772893535	-0.142256716
-0.352559544	0.194838064	-0.196709641
-1.014406241	1.715559147	0.013454422
-0.57317511	-1.049388277	0.091550804
0.015133066	-0.081656679	-0.861470249
0.750518286	1.162569662	-0.176875408
4.133290297	-1.187635649	0.469174761
0.015133066	-1.187635649	-0.149232995
-0.499636588	-1.187635649	0.621193433
-0.058405456	-0.911140906	0.893560221
-1.235021807	-0.081656679	0.607722501
0.015133066	-0.911140906	1.116013045
-0.867329197	-0.358151421	-0.403166644
-0.940867719	-1.187635649	-1.278441588
-0.2054825	-0.772893535	-0.72449874
-0.352559544	-0.21990405	-0.149597863
0.676979764	-1.049388277	-0.579106073
-0.793790675	-0.081656679	-0.278746599
-0.720252153	-0.772893535	-0.04704072
-0.867329197	-0.496398792	1.047403235
0.603441242	-0.911140906	-0.204692956
0.824056808	-1.049388277	-0.941405567
0.603441242	-0.772893535	0.323957231
-0.279021022	-0.911140906	0.159284931
-0.279021022	-1.187635649	-0.805178388
-1.087944763	-1.187635649	-1.21428317
0.456364198	0.88607492	0.59225209
-1.087944763	1.024322291	-0.030942736
0.52990272	0.333085435	-0.476797039
-0.131943978	-0.358151421	-1.118819063
-0.426098066	-0.772893535	-1.374562458
0.088671588	-1.187635649	-0.07155986
0.52990272	0.609580177	0.132153334
0.52990272	-0.634646164	-0.309497688
-1.014406241	-1.049388277	0.919115588
-1.014406241	1.024322291	0.421143516
-1.161483285	-0.772893535	0.418852144
-0.426098066	-1.049388277	-0.348202903
0.89759533	0.194838064	-0.153071408
2.515442813	0.333085435	5.964848258
-0.793790675	-0.081656679	-0.094371418
-0.793790675	-0.634646164	0.532369927
-1.161483285	-0.496398792	-0.973222071
-0.793790675	0.609580177	-0.380282112
0.89759533	-1.187635649	-1.412742263
0.309287154	-1.187635649	-0.638740126
0.52990272	-0.772893535	1.047271882
-1.235021807	-1.049388277	0.683002101
-0.57317511	-0.496398792	1.279109114
0.015133066	-1.187635649	-1.028273379
2.368365769	-1.187635649	-1.232789284
-0.867329197	-1.049388277	0.304750571
-0.720252153	-0.911140906	0.067586263
-1.087944763	-1.187635649	-1.350043317
-1.014406241	-1.049388277	-0.513677914
0.676979764	-1.049388277	0.64007901
0.16221011	-0.911140906	0.335165981
0.824056808	0.609580177	-0.614162606
-0.352559544	-1.187635649	-1.392017751
-0.2054825	-0.772893535	1.135803494
-0.499636588	-0.496398792	-0.430152293
0.16221011	-1.049388277	-0.18367655
-0.352559544	0.333085435	-1.154999391
-1.161483285	0.609580177	-0.543567914
-1.014406241	1.300817034	-0.094079523
0.750518286	3.09803286	1.262850589
-0.279021022	-0.772893535	1.320864627
-1.161483285	-0.772893535	-0.40976346
3.250828033	0.471332806	0.483200293
1.853596116	-1.187635649	0.007966805
0.309287154	0.194838064	-1.09524858
0.015133066	-0.634646164	-0.303192766
-0.646713632	-0.081656679	1.034895554
0.382825676	0.194838064	-0.055578635
-0.279021022	-0.496398792	-0.145876208
-0.352559544	1.99205389	-0.285810447
-0.720252153	-0.358151421	0.706295284
-0.426098066	-0.496398792	1.229618397
-0.499636588	1.577311776	1.242812029
-0.058405456	0.471332806	-0.656677045
-0.646713632	1.577311776	0.837925124
0.309287154	-0.358151421	-0.747616787
3.618520643	-0.496398792	-1.267218244
0.088671588	-0.21990405	1.025350603
0.676979764	-1.187635649	0.14251559
0.52990272	-0.496398792	-0.575004955
-0.940867719	-0.911140906	0.803875626
-0.2054825	0.88607492	0.392041631
-0.058405456	1.162569662	0.899398112
-0.426098066	1.024322291	-0.888193193
-0.058405456	-0.911140906	0.935753576
-1.014406241	0.333085435	0.16783744
-0.426098066	-0.496398792	-0.561242128
-0.499636588	-0.772893535	0.889721808
-1.014406241	-0.21990405	0.357247802
3.103750989	0.609580177	-0.198256682
0.603441242	-1.049388277	0.315915537
0.235748632	-0.496398792	0.176856981
0.603441242	-0.911140906	-0.457677948
-0.867329197	-0.496398792	1.022942473
0.015133066	0.747827549	-0.824998027
0.456364198	1.715559147	0.566112935
-0.058405456	-1.049388277	0.570870816
-0.058405456	-1.187635649	-1.162705406
-0.720252153	0.609580177	-0.292042395
0.971133852	-0.081656679	-1.16145026
-0.867329197	-1.049388277	-0.852158813
-1.014406241	-1.049388277	-1.457489695
-0.867329197	-0.634646164	0.485170581
0.456364198	-1.187635649	0.81330382
-0.646713632	0.194838064	-1.079033839
3.839136209	0.747827549	0.573264351
-0.352559544	-0.21990405	-0.896731108
3.250828033	-0.496398792	1.233529783
-0.058405456	1.162569662	0.499619361
-0.352559544	1.99205389	0.355175351
-1.014406241	-0.496398792	-1.074830557
0.015133066	1.99205389	-0.296420813
-0.058405456	-0.496398792	1.378747313
0.382825676	-1.049388277	0.533449937
-1.087944763	0.194838064	-0.8411252
-0.499636588	-1.187635649	0.301612705
-0.720252153	0.333085435	0.303860292
-0.131943978	-0.081656679	-0.209976247
-0.646713632	-0.081656679	-1.184013707
-0.720252153	0.194838064	0.137743114
0.235748632	-0.358151421	-0.35557324
-0.131943978	-0.772893535	0.307421406
-0.426098066	-0.358151421	-1.169243844
-1.014406241	-1.187635649	0.50020315
-0.352559544	1.162569662	-0.26590324
3.986213253	1.853806519	0.115544535
0.603441242	-0.081656679	0.70973964
0.235748632	0.471332806	-0.200869138
0.235748632	-0.634646164	-0.068509562
-0.499636588	-1.187635649	-1.396498332
-0.131943978	-0.358151421	0.180666205
-0.57317511	1.162569662	1.216380979
-1.161483285	1.300817034	-0.759073647
0.309287154	0.194838064	1.306036385
0.824056808	-0.358151421	-0.697702822
-0.867329197	-0.496398792	-0.203175105
-0.352559544	-0.21990405	0.522737408
-0.499636588	0.194838064	0.017701488
-0.940867719	-1.187635649	-1.398337268
0.015133066	0.747827549	1.034355549
3.544982121	0.194838064	0.048496361
-1.161483285	-0.496398792	0.90006947
0.235748632	1.024322291	-0.722805751
0.52990272	1.162569662	0.75886549
0.52990272	-0.772893535	-0.080126965
-0.57317511	1.024322291	-0.784307929
-0.352559544	1.853806519	8.904503498
-0.426098066	0.88607492	1.380294354
-0.793790675	0.471332806	-0.947958599
0.235748632	-0.358151421	-1.221361613
-0.058405456	-1.049388277	0.609196568
0.89759533	-1.049388277	0.199186913
0.382825676	0.88607492	0.513104888
-0.426098066	-1.187635649	-0.898715991
-0.499636588	-0.772893535	-1.182437477
0.382825676	-0.911140906	0.503720479
-0.720252153	-0.911140906	-0.479613822
0.676979764	0.88607492	1.111605437
0.52990272	-0.496398792	-1.194580289
-0.940867719	-0.772893535	-0.402728802
0.676979764	-1.187635649	-1.035862637
-0.867329197	1.300817034	0.101767113
-1.161483285	-0.496398792	-1.051508184
0.309287154	1.024322291	0.491460908
2.221288725	-0.634646164	-1.283651906
-0.646713632	1.162569662	0.188459789
0.676979764	0.333085435	-0.246784148
-0.426098066	-0.911140906	-0.878896353
-0.058405456	-1.187635649	0.566798887
-0.279021022	1.577311776	-0.515633607
0.750518286	0.88607492	0.972561477
0.16221011	-1.187635649	-0.000410568
-1.087944763	1.024322291	0.725589513
0.382825676	-1.187635649	-0.572844935
-0.131943978	0.194838064	-0.625677846
-0.058405456	0.333085435	0.091915673
0.676979764	-0.634646164	0.571410821
0.971133852	0.194838064	-1.276879953
0.89759533	-0.081656679	-0.997361748
0.89759533	1.300817034	0.651448302
-0.720252153	1.99205389	0.594776978
-0.279021022	0.471332806	0.406709331
0.52990272	-1.187635649	0.578372505
0.235748632	-1.049388277	-1.432197033
-0.131943978	0.609580177	-0.421541405
-0.646713632	0.194838064	-1.139076544
2.00067316	0.194838064	-0.235429451
-0.646713632	1.715559147	1.345588094
0.676979764	-1.049388277	-1.041671338
-0.279021022	1.300817034	-0.918827525
-0.720252153	0.333085435	-0.808608149
-0.499636588	0.194838064	0.710367213
-0.57317511	-1.187635649	-0.697148222
-0.352559544	-1.187635649	0.645712574
-0.352559544	-0.911140906	0.491475503
-1.161483285	0.194838064	-0.026053503
-0.940867719	-0.772893535	-0.102267165
-0.131943978	-1.187635649	-0.777098134
-0.793790675	1.99205389	-0.737079394
-0.867329197	-0.772893535	-1.010759707
-0.499636588	1.162569662	1.081306785
0.52990272	0.88607492	1.357322254
-0.058405456	-0.634646164	-0.896555972
0.382825676	1.853806519	0.598177549
-0.131943978	-1.187635649	-0.284132053
0.088671588	0.471332806	1.212075535
-0.646713632	1.99205389	1.243921229
1.63298055	-1.049388277	0.689832433
-0.2054825	0.471332806	1.325374398
-0.352559544	0.609580177	-0.523543949
-1.161483285	1.162569662	0.158190326
0.015133066	-0.496398792	-0.654312699
-1.161483285	1.577311776	0.087143197
0.603441242	1.853806519	-0.783403056
0.603441242	0.194838064	0.673252823
0.750518286	1.577311776	0.301145673
-1.014406241	-0.634646164	0.916225832
-1.161483285	1.024322291	1.351323822
0.824056808	-0.772893535	-0.920286997
-1.161483285	1.300817034	0.771329386
-0.867329197	1.99205389	0.537142403
0.456364198	-0.081656679	0.366705185
-0.352559544	1.853806519	0.230711523
-0.426098066	0.88607492	0.949122346
-0.499636588	1.300817034	-0.025805392
-0.646713632	-0.081656679	-0.925001094
3.030212467	-0.21990405	0.311989555
0.088671588	-0.772893535	0.300007285
-0.720252153	-1.187635649	0.079787455
-0.646713632	0.609580177	1.099462625
-1.235021807	-1.049388277	-0.96550146
0.16221011	1.715559147	0.227442304
0.750518286	1.300817034	0.014023617
0.382825676	-1.187635649	-0.514334676
-0.352559544	-0.358151421	0.01011223
-1.087944763	0.609580177	0.877184938
0.750518286	1.300817034	0.357495913
0.235748632	0.88607492	0.683921568
0.824056808	-0.911140906	0.654673736
-0.940867719	-0.081656679	-0.948308872
-0.793790675	-1.187635649	0.802226422
-1.235021807	1.162569662	0.368091684
0.088671588	0.747827549	-0.058439201
-0.279021022	-0.21990405	1.125514212
0.309287154	1.162569662	-0.610513925
-0.793790675	-0.634646164	0.627688087
-0.058405456	1.577311776	0.749145402
0.89759533	-0.081656679	0.179235922
-0.646713632	1.577311776	0.867041603
-0.426098066	1.300817034	0.473363447
-0.646713632	-0.634646164	-1.267860412
-1.087944763	1.162569662	-0.076784772
-0.720252153	-1.187635649	-1.464655705
0.89759533	0.194838064	0.000961336
-0.058405456	-0.21990405	-1.209539884
0.16221011	-0.358151421	-0.956890572
-0.2054825	1.024322291	1.335123675
-0.57317511	-0.496398792	-1.315950036
-0.793790675	-0.358151421	0.337019511
0.52990272	-1.187635649	-0.606573349
-0.352559544	-1.187635649	0.749991896
-0.2054825	1.577311776	0.446319419
-0.646713632	-1.187635649	-0.200183186
0.603441242	-0.772893535	0.988119455
-0.940867719	-0.772893535	-0.694156303
-0.2054825	0.471332806	0.412663979
-0.279021022	0.609580177	0.933111931
-0.279021022	-0.772893535	-1.267962575
-0.940867719	1.715559147	-0.601888441
-0.499636588	-0.21990405	-0.318955071
0.235748632	1.715559147	-0.594518104
-0.940867719	-1.187635649	-0.376458294
0.015133066	1.715559147	-0.529469408
0.89759533	1.162569662	-0.30539657
-0.720252153	1.715559147	1.187089363
-0.940867719	-1.049388277	0.870179469
0.676979764	0.471332806	-0.540575995
-1.161483285	0.747827549	0.348695293
0.52990272	0.333085435	0.130401967
0.603441242	1.577311776	0.048335819
-1.161483285	0.194838064	-0.899708433
0.088671588	0.471332806	-0.892396475
0.52990272	1.853806519	-0.287123972
0.088671588	-0.634646164	0.9312584
1.63298055	0.747827549	0.542133799
0.750518286	0.194838064	-0.261583201
0.603441242	-0.21990405	1.270906878
-0.352559544	1.715559147	0.588399083
-1.087944763	-1.187635649	1.132344544
-0.720252153	0.194838064	1.209171185
-0.793790675	1.99205389	0.975684748
0.015133066	0.88607492	7.442243244
-0.279021022	-1.049388277	-1.368418078
0.309287154	-1.187635649	-0.623444853
-0.058405456	-1.187635649	0.897588366
-0.720252153	-0.358151421	0.290243413
-0.867329197	-1.187635649	-1.240641246
-0.646713632	-1.187635649	-0.176349997
1.191749418	-1.187635649	-1.359004479
-0.793790675	0.471332806	0.912956613
-1.161483285	1.577311776	-0.457984437
-0.867329197	0.194838064	0.494350664
-0.646713632	1.162569662	-0.817715259
-0.720252153	-0.496398792	-1.395476701
-0.793790675	-0.358151421	1.108365408
0.16221011	1.577311776	-0.201175627
-0.2054825	-0.496398792	0.75216651
0.603441242	0.609580177	1.233763299
-0.499636588	0.333085435	-0.434049085
-0.940867719	0.194838064	1.116100613
-0.940867719	-0.496398792	0.464650396
-0.131943978	-0.634646164	0.314237143
-0.720252153	-1.187635649	-0.530126171
-0.940867719	-0.772893535	0.361305136
-0.2054825	-0.358151421	0.366821943
1.559442028	0.747827549	0.992293547
-0.426098066	-1.187635649	-0.819495815
-0.940867719	0.333085435	0.386072388
0.603441242	1.024322291	0.942189851
-0.867329197	-1.049388277	1.288989744
0.750518286	1.715559147	0.472254248
0.676979764	1.162569662	0.997051428
0.16221011	-1.187635649	0.65391481
0.382825676	0.747827549	1.094617175
-0.426098066	-0.496398792	-0.357339202
0.52990272	0.194838064	0.667239796
0.015133066	-1.187635649	-1.354772009
0.088671588	-0.358151421	-0.163477448
0.456364198	-0.358151421	1.132008865
0.015133066	-0.634646164	-1.272224235
-1.161483285	1.300817034	-0.263859978
0.309287154	1.024322291	-0.426021986
-0.279021022	-0.772893535	7.859302152
1.559442028	-1.049388277	1.311713734
0.16221011	-0.634646164	-0.728906347
0.676979764	-0.21990405	0.922253454
0.971133852	0.333085435	-0.720368432
-0.720252153	-0.496398792	-1.043028648
0.015133066	1.300817034	-0.179356511
0.750518286	-0.496398792	-1.166967066
-0.352559544	0.609580177	-0.558221019
0.750518286	1.024322291	1.322995457
-0.646713632	0.194838064	-0.999974205
-0.940867719	-0.21990405	0.991301106
0.235748632	-0.081656679	-1.242523966
0.824056808	1.99205389	-0.109243444
0.750518286	0.333085435	0.004332718
-0.352559544	1.300817034	0.389005928
-0.940867719	0.471332806	0.845820871
-0.279021022	0.333085435	0.588632598
-0.058405456	1.577311776	0.79221444
-0.499636588	-1.187635649	-0.819554194
1.412364984	1.162569662	-0.305411165
-0.646713632	0.194838064	0.993519504
-0.279021022	-0.911140906	0.919786945
-1.087944763	1.162569662	-0.390994642
-0.57317511	-0.634646164	-0.80240539
0.676979764	0.194838064	1.289967591
0.750518286	-1.187635649	-1.387070139
-0.867329197	-0.496398792	-1.181328277
0.456364198	0.471332806	-0.266487029
0.750518286	-0.772893535	0.614669591
0.676979764	-0.358151421	0.327343208
0.52990272	1.300817034	0.830043971
0.52990272	-0.081656679	-1.042211343
-0.720252153	0.333085435	0.349279082
1.853596116	-1.049388277	1.073775906
-0.058405456	-0.358151421	0.270803237
0.309287154	1.577311776	0.99424924
-0.279021022	-0.911140906	0.676230147
-0.57317511	-0.772893535	-1.394936696
0.676979764	-0.911140906	1.049212981
0.52990272	0.194838064	0.863144811
-0.867329197	-0.496398792	-0.435683695
-0.793790675	0.333085435	-1.093322076
0.16221011	0.609580177	1.001648767
0.676979764	0.194838064	0.846068981
0.235748632	-0.772893535	0.15505246
0.382825676	-0.21990405	1.276350711
-1.087944763	1.162569662	-0.959867896
-0.279021022	0.609580177	-0.929934111
0.309287154	-0.772893535	0.849819826
0.309287154	1.162569662	0.453441646
0.676979764	-0.911140906	0.050495838
0.456364198	0.88607492	0.396843296
-0.279021022	1.577311776	-0.707043447
-0.279021022	-0.911140906	1.296228729
-0.352559544	1.577311776	-0.412624027
0.456364198	-0.21990405	0.061281341
0.603441242	-0.081656679	1.289704886
0.750518286	0.194838064	-0.439828597
-0.2054825	0.333085435	-0.979760508
-0.279021022	-0.496398792	-1.324473356
-0.646713632	1.715559147	-0.732131782
0.456364198	-0.911140906	-1.027222559
0.015133066	-0.358151421	-0.072304191
-0.279021022	0.333085435	-0.443199979
0.824056808	1.853806519	-0.434326385
-0.646713632	-1.187635649	-0.137279914
0.676979764	-0.911140906	0.025524261
0.015133066	-1.049388277	-0.816868764
-1.014406241	0.747827549	-0.238319207
1.63298055	0.609580177	0.591974791
-0.279021022	-0.21990405	-0.77198998
0.088671588	1.577311776	-0.839067344
-0.499636588	1.577311776	0.608846295
-0.940867719	-0.496398792	-1.090651241
0.235748632	0.88607492	-0.141599953
-0.058405456	0.747827549	0.341310361
-0.2054825	-0.496398792	-1.023617662
-1.161483285	-0.634646164	-1.289883854
0.235748632	-0.358151421	-1.385202014
-0.720252153	-0.634646164	1.255888904
-1.161483285	0.194838064	-0.098633078
-0.058405456	0.609580177	0.62004045
0.088671588	-1.187635649	-1.425133186
0.235748632	1.853806519	0.115967782
-1.087944763	-0.081656679	0.577380064
-1.161483285	-1.187635649	-1.343855153
3.103750989	-1.187635649	1.049577849
0.088671588	-1.187635649	-0.754622255
0.750518286	-1.187635649	-1.40569301
-1.087944763	-1.049388277	-0.510977889
-1.014406241	-0.911140906	-0.522697455
0.89759533	-1.187635649	-1.166018409
-0.57317511	-0.911140906	-0.708575893
0.16221011	-0.634646164	0.207958344
0.309287154	1.715559147	0.513776245
-0.793790675	-1.049388277	1.022256521
0.456364198	0.194838064	-0.842380347
0.750518286	1.300817034	0.403294165
-0.352559544	0.471332806	-0.395037381
-0.646713632	-0.496398792	-1.215290206
4.942214038	-1.049388277	-1.127473736
0.16221011	-1.049388277	0.888349904
0.676979764	-1.049388277	0.634941666
0.309287154	-0.634646164	-0.7215652
-0.131943978	0.471332806	0.59682024
-0.720252153	0.747827549	0.713373727
-1.014406241	1.577311776	-0.614527475
-1.161483285	-0.911140906	1.271549046
-0.720252153	-0.081656679	-0.451460594
0.16221011	1.853806519	-0.597758134
-1.087944763	1.715559147	0.397894116
0.16221011	0.609580177	0.242139194
-0.867329197	-1.049388277	0.770862355
-1.087944763	-0.496398792	0.989724875
-0.57317511	-1.049388277	-0.920345376
5.604060736	-1.187635649	-0.247907942
0.52990272	0.194838064	1.138810008
-0.57317511	1.300817034	-0.188930652
0.824056808	0.609580177	-0.143862136
0.382825676	-0.911140906	-0.402261771
0.89759533	-1.187635649	-1.071634312
-0.940867719	-1.049388277	0.962637063
-1.014406241	-0.634646164	-1.341052966
-0.426098066	-1.049388277	0.553006871
0.382825676	0.471332806	0.115982377
0.89759533	-1.049388277	0.218335195
-0.57317511	1.99205389	-0.245178728
0.309287154	-1.049388277	0.150849179
6.339445956	-0.496398792	-1.062483419
0.676979764	1.162569662	-0.700300683
-0.279021022	0.747827549	-0.722732778
-0.499636588	-1.187635649	-1.379874938
-0.646713632	-0.634646164	-1.440019807
0.89759533	0.609580177	0.764221754
-0.131943978	-0.772893535	-0.149773
-0.058405456	-0.358151421	0.206090219
0.015133066	-1.187635649	1.179003885
-0.57317511	-0.081656679	-0.359353274
-0.720252153	0.194838064	0.511601631
-1.014406241	0.333085435	-0.285474768
-0.058405456	1.162569662	0.434220391
-0.352559544	-0.21990405	1.241498504
-0.646713632	1.300817034	1.139773259
-0.2054825	-0.496398792	1.381447338
7.663139351	1.300817034	0.430805225
-0.793790675	1.99205389	-0.685632983
-0.57317511	1.024322291	0.70973964
-0.499636588	1.715559147	-0.019894528
-0.867329197	-0.496398792	1.374164569
-0.058405456	0.333085435	1.385708998
0.676979764	-0.772893535	1.248503973
0.235748632	-0.772893535	1.162044812
-0.058405456	1.162569662	-0.311964197
-0.867329197	0.194838064	1.330190658
-1.087944763	-0.772893535	-0.82939104
-0.058405456	-0.634646164	-0.010583092
-0.058405456	-0.358151421	-1.19028944
0.309287154	0.88607492	1.251787786
0.89759533	0.194838064	-0.695250907
-0.646713632	1.162569662	0.855336632
-0.131943978	-1.049388277	-1.35418822
-0.646713632	-1.049388277	-1.074071632
0.309287154	-1.187635649	0.070870077
-0.2054825	-0.358151421	-0.678846435
-0.279021022	-0.358151421	0.456681675
0.824056808	1.577311776	0.175236967
-0.940867719	-0.911140906	1.155579348
-0.058405456	-0.634646164	0.299686201
0.16221011	1.99205389	0.058625101
-0.426098066	-1.049388277	1.301949862
-1.014406241	1.162569662	0.202310185
-0.57317511	-1.049388277	0.987024851
0.750518286	-0.358151421	0.976268537
-0.352559544	-0.772893535	0.353438579
-0.058405456	-0.911140906	0.038820057
2.736058379	-0.21990405	0.442831279
-0.867329197	0.471332806	0.73617069
0.52990272	0.333085435	1.346288641
0.750518286	-0.496398792	-1.200461964
-0.279021022	-0.634646164	1.066332595
-0.646713632	0.194838064	1.293090863
0.971133852	-1.049388277	-0.979381045
-0.720252153	1.853806519	-0.129967956
0.088671588	-0.634646164	-0.937946616
0.088671588	-1.187635649	-0.3523624
-1.235021807	1.577311776	-0.341547708
-0.720252153	-0.911140906	0.219750883
0.16221011	-1.187635649	-0.664747929
-0.352559544	-1.049388277	-0.47034617
-0.2054825	1.715559147	-0.099990388
-0.720252153	1.300817034	-0.476096493
-0.131943978	-0.358151421	-1.22845465
-0.646713632	-0.634646164	-1.043072432
-0.426098066	-0.911140906	0.61815773
-0.2054825	-0.634646164	0.907731701
3.030212467	1.577311776	1.245351512
0.015133066	1.715559147	1.314953763
-1.014406241	1.715559147	-0.814475229
-0.57317511	-0.911140906	-1.318839792
-0.867329197	-1.187635649	-1.39871673
-0.499636588	-0.772893535	-1.357822306
-0.867329197	-1.049388277	-0.760182846
0.456364198	0.194838064	1.224305916
0.750518286	0.88607492	0.431286851
0.52990272	-1.049388277	0.900682448
-0.499636588	1.300817034	-0.889506719
-0.940867719	-1.049388277	-0.3448899
-0.058405456	-0.496398792	0.295599677
0.309287154	1.715559147	0.654484005
0.603441242	0.609580177	0.407628799
-0.720252153	-1.187635649	-1.114644972
0.750518286	-0.081656679	-1.13634733
2.588981335	-0.358151421	-0.582623402
0.088671588	-1.187635649	-1.423980202
0.456364198	-0.496398792	-1.135004615
0.824056808	-0.358151421	-1.078347886
0.750518286	-0.772893535	0.778291071
-0.867329197	1.024322291	0.893735358
0.52990272	-0.496398792	-1.053288741
-0.131943978	-0.496398792	-1.217318873
-0.2054825	-0.772893535	-0.694346034
-0.131943978	-0.081656679	-0.911880435
0.382825676	-0.911140906	-0.223111501
0.824056808	-0.634646164	0.879811989
0.235748632	-1.049388277	-1.294816872
-0.499636588	-1.049388277	-0.558585887
-0.352559544	-0.772893535	-0.659464638
0.750518286	1.162569662	1.270220926
0.382825676	1.162569662	0.437241499
-0.426098066	0.88607492	1.017673777
-0.793790675	1.99205389	-0.530812123
0.824056808	-0.496398792	0.32719726
-1.014406241	1.300817034	0.698545484
0.015133066	-0.634646164	1.341997791
0.309287154	1.99205389	0.322424785
0.750518286	0.609580177	-0.427525242
-0.793790675	1.577311776	0.616245821
0.824056808	2.268548632	0.173894252
0.235748632	-1.187635649	-1.029805826
0.676979764	0.194838064	0.003602982
0.235748632	1.162569662	0.207418339
0.52990272	-0.496398792	-0.707495883
-0.867329197	2.545043375	0.060974852
-0.646713632	1.715559147	0.932440573
0.015133066	1.577311776	1.342931854
0.824056808	1.162569662	-0.893549458
0.824056808	-0.634646164	0.92328968
0.235748632	-1.187635649	-1.489174846
-0.940867719	1.439064405	-0.308651194
-0.720252153	1.024322291	-0.358404617
-0.940867719	-1.187635649	-1.458131862
-1.161483285	0.194838064	-0.637397411
-0.2054825	1.439064405	0.10617472
-0.058405456	-0.496398792	-1.277784826
-0.352559544	1.853806519	-0.138170193
-1.014406241	2.268548632	-0.507241639
0.603441242	0.056590693	-0.077602077
-0.131943978	-0.772893535	0.769782345
-0.867329197	-0.634646164	0.744825362
-0.646713632	-1.187635649	-1.295473634
-0.426098066	-1.049388277	-1.201279269
-1.087944763	-1.049388277	1.061370388
0.52990272	0.056590693	0.803715084
0.309287154	-0.911140906	-1.086652286
-0.793790675	0.747827549	1.178274148
0.52990272	0.056590693	-0.458991473
2.662519857	-0.496398792	0.566623751
0.603441242	-0.21990405	-0.246988474
3.839136209	1.577311776	-0.541874925
-0.646713632	1.99205389	1.141539221
-1.087944763	-0.496398792	-0.769435903
0.088671588	1.715559147	-0.657406781
0.89759533	-0.081656679	-1.171695758
-0.940867719	1.439064405	0.115092098
0.603441242	0.747827549	0.186679232
-0.279021022	1.853806519	0.385006972
-0.793790675	2.130301261	-0.731489614
-0.940867719	-0.772893535	-0.487217674
-1.161483285	1.715559147	0.829620724
0.382825676	-0.21990405	1.23290221
0.750518286	2.683290746	0.352708842
0.456364198	0.471332806	0.563281558
-1.014406241	-0.634646164	-1.238014196
-0.646713632	1.024322291	-0.008700373
0.309287154	-0.358151421	0.720685685
-0.720252153	-1.187635649	-1.280966476
-0.058405456	-1.187635649	-1.458263215
-1.014406241	-0.911140906	-0.883508286
-0.131943978	-0.21990405	-0.931889805
0.088671588	-1.187635649	-1.03704481
0.676979764	-0.081656679	-0.962246836
0.16221011	-0.081656679	0.844419777
-1.087944763	0.747827549	-0.628976254
0.750518286	1.024322291	-0.186493332
-0.499636588	0.471332806	-0.651641864
-0.867329197	-0.358151421	-1.337623205
-0.131943978	1.300817034	-0.502965384
0.676979764	1.024322291	0.419319175
0.52990272	-0.081656679	-1.239838536
0.824056808	-0.081656679	0.568623228
0.235748632	2.268548632	-0.40176555
0.235748632	-0.911140906	-1.162968111
-0.131943978	0.056590693	0.421391626
0.088671588	0.194838064	-1.09123503
0.382825676	0.609580177	-0.488078763
-0.499636588	-1.049388277	0.678521519
-0.2054825	0.88607492	-0.955912725
0.603441242	0.056590693	-0.210457873
0.309287154	-1.187635649	-1.007271568
0.088671588	0.471332806	0.945532043
0.235748632	-0.911140906	-0.850991235
-0.499636588	-0.634646164	-0.608879315
0.89759533	0.747827549	0.34269686
-0.426098066	-0.081656679	0.418589438
0.750518286	1.853806519	-0.085074577
-0.426098066	1.162569662	0.548628453
-0.867329197	-1.049388277	-1.168557892
-1.161483285	-0.634646164	-1.127955362
-0.57317511	0.471332806	0.820936862
-0.499636588	-1.187635649	-1.393885876
0.088671588	0.056590693	0.703026065
0.750518286	0.471332806	0.672274976
-0.57317511	1.99205389	0.339617373
0.676979764	-0.911140906	-0.743719995
0.89759533	-1.049388277	0.511280547
0.603441242	2.683290746	0.999153069
0.750518286	0.609580177	-0.576829296
1.927134638	-1.049388277	-0.500104818
0.52990272	2.683290746	0.642881197
0.824056808	1.577311776	1.325272235
-0.352559544	0.609580177	1.089421453
-0.499636588	1.715559147	-0.463968275
-0.720252153	0.194838064	0.780801364
0.088671588	-1.049388277	-1.282922169
0.088671588	-0.496398792	0.815653571
3.765597687	-0.911140906	-0.193513396
0.235748632	1.853806519	-0.535934872
-0.058405456	0.333085435	0.700238473
-0.867329197	2.545043375	0.507442134
-1.014406241	-0.911140906	-1.151452872
-0.940867719	-0.496398792	1.10265887
-0.131943978	1.577311776	0.03654328
0.750518286	0.194838064	-0.2402749
-0.058405456	-0.358151421	-0.929875733
0.235748632	1.439064405	-0.168293708
-0.57317511	1.300817034	0.940190373
-1.161483285	0.609580177	0.174054794
0.088671588	-0.081656679	-1.107902208
0.309287154	-0.496398792	0.698166022
-1.161483285	1.439064405	1.316807293
-0.279021022	2.406796004	-0.481131673
-0.058405456	-0.496398792	-0.457502811
2.883135423	-0.772893535	1.198429466
